365.6705572999781 Training_Time (s)
7.0092696999781765 Test_time (s)
99.75911065103635 Kappa accuracy (%)
99.81817709550897 Overall accuracy (%)
99.74122350554703 Average accuracy (%)
[100.          99.87488084  99.84118581  99.20232052 100.
 100.         100.          99.45684973  99.29577465] Each accuracy (%)
                      precision    recall  f1-score   support

             Asphalt     1.0000    1.0000    1.0000      5968
             Meadows     0.9995    0.9987    0.9991     16784
              Gravel     1.0000    0.9984    0.9992      1889
               Trees     0.9835    0.9920    0.9877      2758
Painted metal sheets     1.0000    1.0000    1.0000      1211
           Bare Soil     1.0000    1.0000    1.0000      4526
             Bitumen     1.0000    1.0000    1.0000      1197
Self-Blocking Bricks     0.9955    0.9946    0.9950      3314
             Shadows     1.0000    0.9930    0.9965       852

            accuracy                         0.9982     38499
           macro avg     0.9976    0.9974    0.9975     38499
        weighted avg     0.9982    0.9982    0.9982     38499

[[ 5968     0     0     0     0     0     0     0     0]
 [    0 16763     0    21     0     0     0     0     0]
 [    0     0  1886     1     0     0     0     2     0]
 [    0     9     0  2736     0     0     0    13     0]
 [    0     0     0     0  1211     0     0     0     0]
 [    0     0     0     0     0  4526     0     0     0]
 [    0     0     0     0     0     0  1197     0     0]
 [    0     0     0    18     0     0     0  3296     0]
 [    0     0     0     6     0     0     0     0   846]]